{
  "models": {
    "mae": {
      "diseases": {
        "adhd200": {
          "participation_ratio": 7.063292948823924,
          "effective_rank": 7.5045727078231685,
          "mle_estimate": 5.159269832116321,
          "n_samples": 9,
          "n_features": 256
        },
        "chb_mit": {
          "participation_ratio": 7.262822653685185,
          "effective_rank": 7.610538238619829,
          "mle_estimate": 5.3260467133042875,
          "n_samples": 9,
          "n_features": 256
        },
        "helsinki_neonatal": {
          "participation_ratio": 7.421616400886015,
          "effective_rank": 7.685302582523266,
          "mle_estimate": 5.1253788163930665,
          "n_samples": 9,
          "n_features": 256
        },
        "sleep_edf": {
          "participation_ratio": 6.909379494132524,
          "effective_rank": 7.39125971010458,
          "mle_estimate": 4.898200483537257,
          "n_samples": 9,
          "n_features": 256
        },
        "tuh_eeg": {
          "participation_ratio": 7.124757545824236,
          "effective_rank": 7.510508710232638,
          "mle_estimate": 5.722424588198374,
          "n_samples": 9,
          "n_features": 256
        }
      },
      "avg_dimensionality": {
        "mean_pr": 7.156373808670376,
        "std_pr": 0.17455933964723472
      }
    },
    "contrastive": {
      "diseases": {
        "adhd200": {
          "participation_ratio": 3.74534120576958,
          "effective_rank": 5.009637621279324,
          "mle_estimate": 1.78456774659319,
          "n_samples": 9,
          "n_features": 256
        },
        "chb_mit": {
          "participation_ratio": 3.001334971789651,
          "effective_rank": 4.492241885104163,
          "mle_estimate": 1.5046339170442335,
          "n_samples": 9,
          "n_features": 256
        },
        "helsinki_neonatal": {
          "participation_ratio": 3.715224513412207,
          "effective_rank": 4.856622028335615,
          "mle_estimate": 1.5299651757816417,
          "n_samples": 9,
          "n_features": 256
        },
        "sleep_edf": {
          "participation_ratio": 2.747503590250937,
          "effective_rank": 4.030362019132628,
          "mle_estimate": 1.2463969011128515,
          "n_samples": 9,
          "n_features": 256
        },
        "tuh_eeg": {
          "participation_ratio": 3.358874579108482,
          "effective_rank": 4.683218518859532,
          "mle_estimate": 1.5110979086439302,
          "n_samples": 9,
          "n_features": 256
        }
      },
      "avg_dimensionality": {
        "mean_pr": 3.3136557720661712,
        "std_pr": 0.39184871659041715
      }
    },
    "jepa": {
      "diseases": {
        "adhd200": {
          "participation_ratio": 7.184427299091256,
          "effective_rank": 7.564359013500181,
          "mle_estimate": 5.910382694136928,
          "n_samples": 9,
          "n_features": 256
        },
        "chb_mit": {
          "participation_ratio": 7.009830349216541,
          "effective_rank": 7.4526788164824405,
          "mle_estimate": 4.7455571403614165,
          "n_samples": 9,
          "n_features": 256
        },
        "helsinki_neonatal": {
          "participation_ratio": 7.15835391098659,
          "effective_rank": 7.546833478179341,
          "mle_estimate": 4.870142017102418,
          "n_samples": 9,
          "n_features": 256
        },
        "sleep_edf": {
          "participation_ratio": 7.340406531012099,
          "effective_rank": 7.641531883522074,
          "mle_estimate": 5.533260282587886,
          "n_samples": 9,
          "n_features": 256
        },
        "tuh_eeg": {
          "participation_ratio": 7.387466141115547,
          "effective_rank": 7.679060572927357,
          "mle_estimate": 6.610131979112069,
          "n_samples": 9,
          "n_features": 256
        }
      },
      "avg_dimensionality": {
        "mean_pr": 7.216096846284406,
        "std_pr": 0.13542777228980418
      }
    },
    "shallow_net": {
      "diseases": {
        "adhd200": {
          "participation_ratio": 1.0412452964188472,
          "effective_rank": 1.1100353562754157,
          "mle_estimate": 1.0,
          "n_samples": 9,
          "n_features": 256
        },
        "chb_mit": {
          "participation_ratio": 1.0593301580854084,
          "effective_rank": 1.1512214470485893,
          "mle_estimate": 1.0,
          "n_samples": 9,
          "n_features": 256
        },
        "helsinki_neonatal": {
          "participation_ratio": 1.1490673473550532,
          "effective_rank": 1.3448914718256606,
          "mle_estimate": 1.0,
          "n_samples": 9,
          "n_features": 256
        },
        "sleep_edf": {
          "participation_ratio": 1.099417917931134,
          "effective_rank": 1.240066566860321,
          "mle_estimate": 1.0,
          "n_samples": 9,
          "n_features": 256
        },
        "tuh_eeg": {
          "participation_ratio": 1.1925054573778568,
          "effective_rank": 1.4054730961094535,
          "mle_estimate": 1.0,
          "n_samples": 9,
          "n_features": 256
        }
      },
      "avg_dimensionality": {
        "mean_pr": 1.10831323543366,
        "std_pr": 0.05608173474148697
      }
    },
    "deep4_net": {
      "diseases": {
        "adhd200": {
          "participation_ratio": 2.723900931875049,
          "effective_rank": 3.973220460802754,
          "mle_estimate": 1.3263754168808495,
          "n_samples": 9,
          "n_features": 256
        },
        "chb_mit": {
          "participation_ratio": 2.8457527341483524,
          "effective_rank": 4.19232268225109,
          "mle_estimate": 1.1407764773960056,
          "n_samples": 9,
          "n_features": 256
        },
        "helsinki_neonatal": {
          "participation_ratio": 2.3801407421717156,
          "effective_rank": 3.648950221552515,
          "mle_estimate": 1.156716323575485,
          "n_samples": 9,
          "n_features": 256
        },
        "sleep_edf": {
          "participation_ratio": 2.1779300089141125,
          "effective_rank": 3.394693933551807,
          "mle_estimate": 1.0890045894812046,
          "n_samples": 9,
          "n_features": 256
        },
        "tuh_eeg": {
          "participation_ratio": 3.0693542030500316,
          "effective_rank": 4.329561986067853,
          "mle_estimate": 1.3229751610709692,
          "n_samples": 9,
          "n_features": 256
        }
      },
      "avg_dimensionality": {
        "mean_pr": 2.639415724031852,
        "std_pr": 0.32085896880246195
      }
    },
    "eegnet": {
      "diseases": {
        "adhd200": {
          "participation_ratio": 4.2427940501927015,
          "effective_rank": 5.44925000553516,
          "mle_estimate": 1.6080106578582527,
          "n_samples": 9,
          "n_features": 256
        },
        "chb_mit": {
          "participation_ratio": 4.223532244844731,
          "effective_rank": 4.978790441206667,
          "mle_estimate": 1.8071753361425715,
          "n_samples": 9,
          "n_features": 256
        },
        "helsinki_neonatal": {
          "participation_ratio": 4.146420845313675,
          "effective_rank": 5.421734760054178,
          "mle_estimate": 1.8722281123854314,
          "n_samples": 9,
          "n_features": 256
        },
        "sleep_edf": {
          "participation_ratio": 3.2789445454910533,
          "effective_rank": 3.6819231156255574,
          "mle_estimate": 2.9989615391085245,
          "n_samples": 9,
          "n_features": 256
        },
        "tuh_eeg": {
          "participation_ratio": 4.000794606916914,
          "effective_rank": 4.799498575949558,
          "mle_estimate": 3.3383727240217334,
          "n_samples": 9,
          "n_features": 256
        }
      },
      "avg_dimensionality": {
        "mean_pr": 3.9784972585518146,
        "std_pr": 0.3599901219936432
      }
    }
  },
  "cross_model_cka": {
    "mae_vs_contrastive": {
      "cka": 9.106557521953995e-12,
      "n_samples": 45
    },
    "mae_vs_jepa": {
      "cka": 6.4909358270248685e-12,
      "n_samples": 45
    },
    "mae_vs_shallow_net": {
      "cka": 3.219388236175291e-05,
      "n_samples": 45
    },
    "mae_vs_deep4_net": {
      "cka": 5.7650075685478086e-11,
      "n_samples": 45
    },
    "mae_vs_eegnet": {
      "cka": 1.190663817540738e-10,
      "n_samples": 45
    },
    "contrastive_vs_jepa": {
      "cka": 1.0251497567503876e-11,
      "n_samples": 45
    },
    "contrastive_vs_shallow_net": {
      "cka": 0.192643940448761,
      "n_samples": 45
    },
    "contrastive_vs_deep4_net": {
      "cka": 3.3846820901572983e-09,
      "n_samples": 45
    },
    "contrastive_vs_eegnet": {
      "cka": 1.4628603883792834e-10,
      "n_samples": 45
    },
    "jepa_vs_shallow_net": {
      "cka": 4.484640885493718e-05,
      "n_samples": 45
    },
    "jepa_vs_deep4_net": {
      "cka": 5.479500533867032e-11,
      "n_samples": 45
    },
    "jepa_vs_eegnet": {
      "cka": 1.1318966597340108e-10,
      "n_samples": 45
    },
    "shallow_net_vs_deep4_net": {
      "cka": 0.012243873439729214,
      "n_samples": 45
    },
    "shallow_net_vs_eegnet": {
      "cka": 0.00032214209204539657,
      "n_samples": 45
    },
    "deep4_net_vs_eegnet": {
      "cka": 1.004806904347788e-09,
      "n_samples": 45
    }
  },
  "intrinsic_dimensionality": {},
  "manifold_structure": {
    "mae": {
      "knn_overlap_matrix": [
        [
          1.0,
          0.7777777777777778,
          0.7777777777777778,
          0.8024691358024691,
          0.8271604938271604
        ],
        [
          0.7777777777777778,
          1.0,
          0.7777777777777778,
          0.7777777777777778,
          0.8024691358024691
        ],
        [
          0.7777777777777778,
          0.7777777777777778,
          1.0,
          0.8271604938271604,
          0.8024691358024691
        ],
        [
          0.8024691358024691,
          0.7777777777777778,
          0.8271604938271604,
          1.0,
          0.8024691358024691
        ],
        [
          0.8271604938271604,
          0.8024691358024691,
          0.8024691358024691,
          0.8024691358024691,
          1.0
        ]
      ],
      "diseases": [
        "adhd200",
        "chb_mit",
        "helsinki_neonatal",
        "sleep_edf",
        "tuh_eeg"
      ],
      "cluster_purity": 0.35555555555555557,
      "disease_mixing_score": 0.20246913580246917,
      "mean_knn_overlap": 0.7975308641975308
    },
    "contrastive": {
      "knn_overlap_matrix": [
        [
          1.0,
          0.7777777777777778,
          0.7777777777777778,
          0.7777777777777778,
          0.7777777777777778
        ],
        [
          0.7777777777777778,
          1.0,
          0.7777777777777778,
          0.9012345679012346,
          0.8024691358024691
        ],
        [
          0.7777777777777778,
          0.7777777777777778,
          1.0,
          0.8024691358024691,
          0.7777777777777778
        ],
        [
          0.7777777777777778,
          0.9012345679012346,
          0.8024691358024691,
          1.0,
          0.7777777777777778
        ],
        [
          0.7777777777777778,
          0.8024691358024691,
          0.7777777777777778,
          0.7777777777777778,
          1.0
        ]
      ],
      "diseases": [
        "adhd200",
        "chb_mit",
        "helsinki_neonatal",
        "sleep_edf",
        "tuh_eeg"
      ],
      "cluster_purity": 0.37777777777777777,
      "disease_mixing_score": 0.20493827160493827,
      "mean_knn_overlap": 0.7950617283950617
    },
    "jepa": {
      "knn_overlap_matrix": [
        [
          1.0,
          0.7777777777777778,
          0.8518518518518517,
          0.7777777777777778,
          0.7777777777777778
        ],
        [
          0.7777777777777778,
          1.0,
          0.7777777777777778,
          0.8271604938271605,
          0.8024691358024691
        ],
        [
          0.8518518518518517,
          0.7777777777777778,
          1.0,
          0.7777777777777778,
          0.7777777777777778
        ],
        [
          0.7777777777777778,
          0.8271604938271605,
          0.7777777777777778,
          1.0,
          0.7777777777777778
        ],
        [
          0.7777777777777778,
          0.8024691358024691,
          0.7777777777777778,
          0.7777777777777778,
          1.0
        ]
      ],
      "diseases": [
        "adhd200",
        "chb_mit",
        "helsinki_neonatal",
        "sleep_edf",
        "tuh_eeg"
      ],
      "cluster_purity": 0.35555555555555557,
      "disease_mixing_score": 0.20740740740740748,
      "mean_knn_overlap": 0.7925925925925925
    },
    "shallow_net": {
      "knn_overlap_matrix": [
        [
          1.0,
          0.8271604938271604,
          0.8024691358024691,
          0.9012345679012346,
          0.7777777777777778
        ],
        [
          0.8271604938271604,
          1.0,
          0.7777777777777778,
          0.8271604938271604,
          0.7777777777777778
        ],
        [
          0.8024691358024691,
          0.7777777777777778,
          1.0,
          0.8518518518518517,
          0.8518518518518517
        ],
        [
          0.9012345679012346,
          0.8271604938271604,
          0.8518518518518517,
          1.0,
          0.7777777777777778
        ],
        [
          0.7777777777777778,
          0.7777777777777778,
          0.8518518518518517,
          0.7777777777777778,
          1.0
        ]
      ],
      "diseases": [
        "adhd200",
        "chb_mit",
        "helsinki_neonatal",
        "sleep_edf",
        "tuh_eeg"
      ],
      "cluster_purity": 0.4666666666666667,
      "disease_mixing_score": 0.18271604938271602,
      "mean_knn_overlap": 0.817283950617284
    },
    "deep4_net": {
      "knn_overlap_matrix": [
        [
          1.0,
          0.7777777777777778,
          0.7777777777777778,
          0.8271604938271604,
          0.9753086419753088
        ],
        [
          0.7777777777777778,
          1.0,
          0.7777777777777778,
          0.7777777777777778,
          0.7777777777777778
        ],
        [
          0.7777777777777778,
          0.7777777777777778,
          1.0,
          0.8518518518518517,
          0.8024691358024691
        ],
        [
          0.8271604938271604,
          0.7777777777777778,
          0.8518518518518517,
          1.0,
          0.8518518518518517
        ],
        [
          0.9753086419753088,
          0.7777777777777778,
          0.8024691358024691,
          0.8518518518518517,
          1.0
        ]
      ],
      "diseases": [
        "adhd200",
        "chb_mit",
        "helsinki_neonatal",
        "sleep_edf",
        "tuh_eeg"
      ],
      "cluster_purity": 0.3333333333333333,
      "disease_mixing_score": 0.18024691358024703,
      "mean_knn_overlap": 0.819753086419753
    },
    "eegnet": {
      "knn_overlap_matrix": [
        [
          1.0,
          0.8024691358024691,
          0.7777777777777778,
          0.8518518518518517,
          0.7777777777777778
        ],
        [
          0.8024691358024691,
          1.0,
          0.7777777777777778,
          0.8024691358024691,
          0.7777777777777778
        ],
        [
          0.7777777777777778,
          0.7777777777777778,
          1.0,
          0.8271604938271604,
          0.8024691358024691
        ],
        [
          0.8518518518518517,
          0.8024691358024691,
          0.8271604938271604,
          1.0,
          0.7777777777777778
        ],
        [
          0.7777777777777778,
          0.7777777777777778,
          0.8024691358024691,
          0.7777777777777778,
          1.0
        ]
      ],
      "diseases": [
        "adhd200",
        "chb_mit",
        "helsinki_neonatal",
        "sleep_edf",
        "tuh_eeg"
      ],
      "cluster_purity": 0.37777777777777777,
      "disease_mixing_score": 0.20246913580246917,
      "mean_knn_overlap": 0.7975308641975308
    }
  }
}